-1 0.776531 0.230070 0.044576 0.048469
-1 0.195210 0.347852 0.042264 0.057247
-1 0.692763 0.191800 0.035722 0.037218
-1 0.303629 0.255292 0.020927 0.027639
0 0.359553 0.535659 0.071334 0.129920
-1 0.243553 0.261665 0.021378 0.031268
-1 0.296922 0.286069 0.031086 0.033599
-1 0.777727 0.145384 0.025090 0.029286
-1 0.862282 0.183373 0.058644 0.073606
-1 0.775238 0.187792 0.037161 0.034459
-1 0.466128 0.348489 0.042213 0.060781
0 0.450324 0.465409 0.053950 0.132075
-1 0.233975 0.282432 0.025048 0.036172
-1 0.409586 0.247054 0.025769 0.053761