3 0.178840 0.230587 0.052478 0.082340
3 0.579599 0.199161 0.041274 0.090147
0 0.509870 0.184679 0.024296 0.035242
3 0.855696 0.590529 0.235617 0.421060
0 0.572889 0.303983 0.042902 0.073375
0 0.642431 0.483857 0.057776 0.100711
0 0.121891 0.313417 0.055103 0.054507
4 0.550118 0.252621 0.020047 0.050314
4 0.532429 0.210692 0.017689 0.062893
3 0.396816 0.538784 0.076651 0.278826
3 0.089033 0.471698 0.109670 0.194969
0 0.261203 0.333333 0.055425 0.085954
0 0.192217 0.857442 0.158019 0.283019
0 0.363797 0.355346 0.043632 0.067086
0 0.295991 0.213836 0.030660 0.060797
0 0.350236 0.185535 0.021226 0.029350