0 0.585012 0.339963 0.045024 0.065670
0 0.379417 0.341586 0.041854 0.056337
0 0.394919 0.282997 0.025687 0.039789
0 0.249382 0.748621 0.088517 0.155809
0 0.691367 0.299497 0.041795 0.043438
0 0.193355 0.285805 0.039105 0.046810
0 0.247252 0.232467 0.032239 0.051936
0 0.386203 0.626834 0.086085 0.207547
4 0.426887 0.342767 0.021226 0.058700
0 0.444575 0.262055 0.030660 0.069182
0 0.579599 0.236897 0.029481 0.048218
0 0.837264 0.697065 0.127358 0.188679
0 0.076061 0.378407 0.064858 0.083857
0 0.514151 0.196017 0.021226 0.041929