0 0.173179 0.390417 0.051403 0.074859
0 0.346108 0.250524 0.050708 0.075472
0 0.846379 0.263173 0.070116 0.096576
0 0.758716 0.190333 0.045733 0.055718
0 0.180325 0.237951 0.037537 0.067096
0 0.600825 0.166667 0.053066 0.075472
3 0.463784 0.206594 0.060639 0.134362
-1 0.787247 0.139954 0.028124 0.031173
-1 0.460919 0.080950 0.018075 0.032762
0 0.376705 0.115208 0.034070 0.056412
-1 0.462536 0.191097 0.042185 0.053677
3 0.262382 0.138365 0.050708 0.081761
-1 0.703051 0.129392 0.030727 0.037417
-1 0.679212 0.124033 0.026155 0.034523
-1 0.621868 0.084106 0.019197 0.025352