0 0.076241 0.653286 0.100241 0.114455
0 0.302842 0.544262 0.064820 0.127527
0 0.408240 0.242714 0.019694 0.025076
3 0.442726 0.292453 0.041112 0.109015
2 0.663325 0.316562 0.107311 0.224319
0 0.591392 0.375262 0.045991 0.090147
0 0.741745 0.772537 0.103774 0.259958
0 0.393868 0.605870 0.061321 0.144654
0 0.095519 0.363732 0.058962 0.067086
3 0.083137 0.284067 0.069575 0.075472
3 0.300708 0.221174 0.044811 0.100629
0 0.547170 0.249476 0.037736 0.056604
2 0.453420 0.180294 0.020047 0.064990
2 0.415094 0.154088 0.018868 0.054507