0 0.727008 0.288091 0.044694 0.041317
0 0.515901 0.335689 0.031802 0.042403
0 0.888050 0.293003 0.043249 0.033808
0 0.561810 0.493022 0.054458 0.072315
0 0.183142 0.892504 0.118204 0.198111
0 0.513913 0.812721 0.112633 0.204947
3 0.368816 0.608657 0.108657 0.220848
3 0.185954 0.484099 0.135159 0.229682
3 0.565592 0.263251 0.035777 0.060071
3 0.611970 0.172261 0.033127 0.040636
3 0.470848 0.427562 0.050353 0.155477
3 0.454284 0.242049 0.025177 0.056537
4 0.871687 0.363074 0.041078 0.054770
0 0.492049 0.282686 0.026502 0.035336