0 0.458790 0.345106 0.029502 0.035344
0 0.790185 0.279020 0.039771 0.049206
0 0.538552 0.544729 0.055239 0.079266
0 0.510632 0.348445 0.028630 0.040771
0 0.719321 0.287855 0.028875 0.030243
0 0.487629 0.443112 0.036819 0.059347
0 0.877574 0.281402 0.042441 0.030863
0 0.720455 0.254345 0.021634 0.028347
0 0.320451 0.351590 0.033127 0.053004
0 0.395318 0.470848 0.047703 0.068905
0 0.525839 0.412544 0.051678 0.054770
0 0.411219 0.313604 0.029152 0.044170
3 0.496025 0.294170 0.039753 0.054770
3 0.407906 0.598057 0.075530 0.199647